{
 "cells": [
  {
   "cell_type": "code",
   "execution_count": 2,
   "metadata": {},
   "outputs": [],
   "source": [
    "import numpy as np"
   ]
  },
  {
   "cell_type": "code",
   "execution_count": 4,
   "metadata": {},
   "outputs": [
    {
     "name": "stdout",
     "output_type": "stream",
     "text": [
      "[[3. 3.]\n",
      " [3. 3.]\n",
      " [3. 3.]\n",
      " [3. 3.]\n",
      " [3. 3.]]\n"
     ]
    }
   ],
   "source": [
    "# Перемножить матрицы 5x3 и 3x2\n",
    "# https://docs.scipy.org/doc/numpy/reference/generated/numpy.dot.html\n",
    "ar = np.dot(np.ones((5,3)), np.ones((3,2)))\n",
    "print(ar)"
   ]
  },
  {
   "cell_type": "code",
   "execution_count": 6,
   "metadata": {},
   "outputs": [
    {
     "name": "stdout",
     "output_type": "stream",
     "text": [
      "[ 0  1  2  3  4  5  6  7  8  9 10]\n",
      " \n",
      "[ 0  1  2  3 -4 -5 -6 -7 -8  9 10]\n"
     ]
    }
   ],
   "source": [
    "# Дан массив, поменять знак у элементов, значения которых между 3 и 8\n",
    "ar = np.arange(11)\n",
    "print(ar)\n",
    "ar[(3 < ar) & (ar <= 8)] *= -1\n",
    "print(\" \")\n",
    "print(ar)"
   ]
  },
  {
   "cell_type": "code",
   "execution_count": 7,
   "metadata": {},
   "outputs": [
    {
     "name": "stdout",
     "output_type": "stream",
     "text": [
      "[[0. 1. 2. 3. 4.]\n",
      " [0. 1. 2. 3. 4.]\n",
      " [0. 1. 2. 3. 4.]\n",
      " [0. 1. 2. 3. 4.]\n",
      " [0. 1. 2. 3. 4.]]\n"
     ]
    }
   ],
   "source": [
    "# Создать 5x5 матрицу со значениями в строках от 0 до 4\n",
    "ar = np.zeros((5,5))\n",
    "ar = ar + np.arange(5)\n",
    "print(ar)"
   ]
  },
  {
   "cell_type": "code",
   "execution_count": 10,
   "metadata": {
    "scrolled": true
   },
   "outputs": [
    {
     "name": "stdout",
     "output_type": "stream",
     "text": [
      "[0. 1. 2. 3. 4. 5. 6. 7. 8. 9.]\n"
     ]
    }
   ],
   "source": [
    "# Есть генератор, сделать с его помощью массив\n",
    "# https://habr.com/ru/post/132554/     yield, what is it?\n",
    "def generate():\n",
    "    for x in range(10):\n",
    "        yield x\n",
    "Z = np.fromiter(generate(),dtype=float,count=-1)\n",
    "print(Z)"
   ]
  },
  {
   "cell_type": "code",
   "execution_count": 11,
   "metadata": {
    "scrolled": true
   },
   "outputs": [
    {
     "name": "stdout",
     "output_type": "stream",
     "text": [
      "[0.09090909 0.18181818 0.27272727 0.36363636 0.45454545 0.54545455\n",
      " 0.63636364 0.72727273 0.81818182 0.90909091]\n"
     ]
    }
   ],
   "source": [
    "# Создать вектор размера 10 со значениями от 0 до 1, не включая ни то, ни другое\n",
    "# 12 чисел от 0 до 1 включительно дальше крайние удаляем\n",
    "ar = np.linspace(0,1,12)[1:-1]\n",
    "print(ar)"
   ]
  },
  {
   "cell_type": "code",
   "execution_count": 12,
   "metadata": {},
   "outputs": [
    {
     "name": "stdout",
     "output_type": "stream",
     "text": [
      "[0.02308047 0.03919108 0.12698835 0.13406947 0.29817788 0.61254957\n",
      " 0.72752934 0.86655503 0.87853305 0.96607296]\n"
     ]
    }
   ],
   "source": [
    "# Отсортировать вектор\n",
    "vec = np.random.random(10)\n",
    "vec.sort()\n",
    "print(vec)"
   ]
  },
  {
   "cell_type": "code",
   "execution_count": 14,
   "metadata": {},
   "outputs": [
    {
     "name": "stdout",
     "output_type": "stream",
     "text": [
      "False\n"
     ]
    }
   ],
   "source": [
    "# Проверить, одинаковы ли 2 numpy массива\n",
    "A = np.random.randint(0,2,5)\n",
    "B = np.random.randint(0,2,5)\n",
    "equal = np.allclose(A,B) # Returns True if the two arrays are equal within the given tolerance; False otherwise.\n",
    "print(equal)"
   ]
  },
  {
   "cell_type": "code",
   "execution_count": 15,
   "metadata": {},
   "outputs": [
    {
     "ename": "ValueError",
     "evalue": "assignment destination is read-only",
     "output_type": "error",
     "traceback": [
      "\u001b[1;31m---------------------------------------------------------------------------\u001b[0m",
      "\u001b[1;31mValueError\u001b[0m                                Traceback (most recent call last)",
      "\u001b[1;32m<ipython-input-15-3fc03b5f4e34>\u001b[0m in \u001b[0;36m<module>\u001b[1;34m\u001b[0m\n\u001b[0;32m      2\u001b[0m \u001b[0mar\u001b[0m \u001b[1;33m=\u001b[0m \u001b[0mnp\u001b[0m\u001b[1;33m.\u001b[0m\u001b[0mzeros\u001b[0m\u001b[1;33m(\u001b[0m\u001b[1;36m10\u001b[0m\u001b[1;33m)\u001b[0m\u001b[1;33m\u001b[0m\u001b[0m\n\u001b[0;32m      3\u001b[0m \u001b[0mar\u001b[0m\u001b[1;33m.\u001b[0m\u001b[0mflags\u001b[0m\u001b[1;33m.\u001b[0m\u001b[0mwriteable\u001b[0m \u001b[1;33m=\u001b[0m \u001b[1;32mFalse\u001b[0m\u001b[1;33m\u001b[0m\u001b[0m\n\u001b[1;32m----> 4\u001b[1;33m \u001b[0mar\u001b[0m\u001b[1;33m[\u001b[0m\u001b[1;36m0\u001b[0m\u001b[1;33m]\u001b[0m \u001b[1;33m=\u001b[0m \u001b[1;36m1\u001b[0m\u001b[1;33m\u001b[0m\u001b[0m\n\u001b[0m",
      "\u001b[1;31mValueError\u001b[0m: assignment destination is read-only"
     ]
    }
   ],
   "source": [
    "# Сделать массив неизменяемым\n",
    "ar = np.zeros(10)\n",
    "ar.flags.writeable = False\n",
    "ar[0] = 1 # exception on this step\n"
   ]
  },
  {
   "cell_type": "code",
   "execution_count": 17,
   "metadata": {},
   "outputs": [
    {
     "name": "stdout",
     "output_type": "stream",
     "text": [
      "[0.53468988 0.38406678 0.76457727 0.63376343 0.80506499 0.96753045\n",
      " 0.6029739  0.49787615 0.80271242 0.70402335]\n",
      " \n",
      "[0.98599556 1.55050011 0.15199257 0.30410978 0.97175392 0.11080536\n",
      " 1.46542522 1.46178092 0.78567129 0.06464607]\n"
     ]
    }
   ],
   "source": [
    "# Дан массив 10x2 (точки в декартовой системе координат), преобразовать в полярную\n",
    "ar = np.random.random((10,2))\n",
    "X,Y = ar[:,0], ar[:,1]\n",
    "R = np.hypot(X, Y)\n",
    "T = np.arctan2(Y,X)\n",
    "print(R)\n",
    "print(\" \")\n",
    "print(T)"
   ]
  },
  {
   "cell_type": "code",
   "execution_count": 20,
   "metadata": {},
   "outputs": [
    {
     "name": "stdout",
     "output_type": "stream",
     "text": [
      "[0.16357027 0.14318941 0.43722655 0.57718923 0.04913793 0.46021887\n",
      " 0.28239119 0.0971424  0.87555655 0.65182124]\n",
      " \n",
      "[0.16357027 0.14318941 0.43722655 0.57718923 0.04913793 0.46021887\n",
      " 0.28239119 0.0971424  0.         0.65182124]\n"
     ]
    }
   ],
   "source": [
    "# Заменить максимальный элемент на ноль\n",
    "ar = np.random.random(10)\n",
    "print(ar)\n",
    "print(\" \")\n",
    "ar[ar.argmax()] = 0\n",
    "print(ar)"
   ]
  },
  {
   "cell_type": "code",
   "execution_count": 23,
   "metadata": {},
   "outputs": [
    {
     "name": "stdout",
     "output_type": "stream",
     "text": [
      "[[(0.        , 0.        ) (0.11111111, 0.        )\n",
      "  (0.22222222, 0.        ) (0.33333333, 0.        )\n",
      "  (0.44444444, 0.        ) (0.55555556, 0.        )\n",
      "  (0.66666667, 0.        ) (0.77777778, 0.        )\n",
      "  (0.88888889, 0.        ) (1.        , 0.        )]\n",
      " [(0.        , 0.11111111) (0.11111111, 0.11111111)\n",
      "  (0.22222222, 0.11111111) (0.33333333, 0.11111111)\n",
      "  (0.44444444, 0.11111111) (0.55555556, 0.11111111)\n",
      "  (0.66666667, 0.11111111) (0.77777778, 0.11111111)\n",
      "  (0.88888889, 0.11111111) (1.        , 0.11111111)]\n",
      " [(0.        , 0.22222222) (0.11111111, 0.22222222)\n",
      "  (0.22222222, 0.22222222) (0.33333333, 0.22222222)\n",
      "  (0.44444444, 0.22222222) (0.55555556, 0.22222222)\n",
      "  (0.66666667, 0.22222222) (0.77777778, 0.22222222)\n",
      "  (0.88888889, 0.22222222) (1.        , 0.22222222)]\n",
      " [(0.        , 0.33333333) (0.11111111, 0.33333333)\n",
      "  (0.22222222, 0.33333333) (0.33333333, 0.33333333)\n",
      "  (0.44444444, 0.33333333) (0.55555556, 0.33333333)\n",
      "  (0.66666667, 0.33333333) (0.77777778, 0.33333333)\n",
      "  (0.88888889, 0.33333333) (1.        , 0.33333333)]\n",
      " [(0.        , 0.44444444) (0.11111111, 0.44444444)\n",
      "  (0.22222222, 0.44444444) (0.33333333, 0.44444444)\n",
      "  (0.44444444, 0.44444444) (0.55555556, 0.44444444)\n",
      "  (0.66666667, 0.44444444) (0.77777778, 0.44444444)\n",
      "  (0.88888889, 0.44444444) (1.        , 0.44444444)]\n",
      " [(0.        , 0.55555556) (0.11111111, 0.55555556)\n",
      "  (0.22222222, 0.55555556) (0.33333333, 0.55555556)\n",
      "  (0.44444444, 0.55555556) (0.55555556, 0.55555556)\n",
      "  (0.66666667, 0.55555556) (0.77777778, 0.55555556)\n",
      "  (0.88888889, 0.55555556) (1.        , 0.55555556)]\n",
      " [(0.        , 0.66666667) (0.11111111, 0.66666667)\n",
      "  (0.22222222, 0.66666667) (0.33333333, 0.66666667)\n",
      "  (0.44444444, 0.66666667) (0.55555556, 0.66666667)\n",
      "  (0.66666667, 0.66666667) (0.77777778, 0.66666667)\n",
      "  (0.88888889, 0.66666667) (1.        , 0.66666667)]\n",
      " [(0.        , 0.77777778) (0.11111111, 0.77777778)\n",
      "  (0.22222222, 0.77777778) (0.33333333, 0.77777778)\n",
      "  (0.44444444, 0.77777778) (0.55555556, 0.77777778)\n",
      "  (0.66666667, 0.77777778) (0.77777778, 0.77777778)\n",
      "  (0.88888889, 0.77777778) (1.        , 0.77777778)]\n",
      " [(0.        , 0.88888889) (0.11111111, 0.88888889)\n",
      "  (0.22222222, 0.88888889) (0.33333333, 0.88888889)\n",
      "  (0.44444444, 0.88888889) (0.55555556, 0.88888889)\n",
      "  (0.66666667, 0.88888889) (0.77777778, 0.88888889)\n",
      "  (0.88888889, 0.88888889) (1.        , 0.88888889)]\n",
      " [(0.        , 1.        ) (0.11111111, 1.        )\n",
      "  (0.22222222, 1.        ) (0.33333333, 1.        )\n",
      "  (0.44444444, 1.        ) (0.55555556, 1.        )\n",
      "  (0.66666667, 1.        ) (0.77777778, 1.        )\n",
      "  (0.88888889, 1.        ) (1.        , 1.        )]]\n"
     ]
    }
   ],
   "source": [
    "# Создать структурированный массив с координатами x, y на сетке в квадрате [0,1]x[0,1]\n",
    "ar = np.zeros((10,10), [('x',float),('y',float)])\n",
    "\n",
    "ar['x'], ar['y'] = np.meshgrid(np.linspace(0,1,10), np.linspace(0,1,10))\n",
    "\n",
    "print(ar)"
   ]
  },
  {
   "cell_type": "code",
   "execution_count": 24,
   "metadata": {},
   "outputs": [
    {
     "name": "stdout",
     "output_type": "stream",
     "text": [
      "3638.163637117973\n"
     ]
    }
   ],
   "source": [
    "# Из двух массивов сделать матрицу Коши C (Cij = 1/(xi - yj))\n",
    "X = np.arange(8)\n",
    "Y = X + 0.5\n",
    "C = 1.0 / np.subtract.outer(X, Y)\n",
    "print(np.linalg.det(C))"
   ]
  },
  {
   "cell_type": "code",
   "execution_count": 26,
   "metadata": {},
   "outputs": [
    {
     "name": "stdout",
     "output_type": "stream",
     "text": [
      "-128\n",
      "127\n",
      " \n",
      "-2147483648\n",
      "2147483647\n",
      " \n",
      "-9223372036854775808\n",
      "9223372036854775807\n",
      " \n",
      "-3.4028235e+38\n",
      "3.4028235e+38\n",
      "1.1920929e-07\n",
      " \n",
      "-1.7976931348623157e+308\n",
      "1.7976931348623157e+308\n",
      "2.220446049250313e-16\n",
      " \n"
     ]
    }
   ],
   "source": [
    "# Найти минимальное и максимальное значение, принимаемое каждым числовым типом numpy\n",
    "for dtype in [np.int8, np.int32, np.int64]:\n",
    "   print(np.iinfo(dtype).min)\n",
    "   print(np.iinfo(dtype).max)\n",
    "   print(\" \")\n",
    "for dtype in [np.float32, np.float64]:\n",
    "   print(np.finfo(dtype).min)\n",
    "   print(np.finfo(dtype).max)\n",
    "   print(np.finfo(dtype).eps)\n",
    "   print(\" \")"
   ]
  },
  {
   "cell_type": "code",
   "execution_count": 40,
   "metadata": {},
   "outputs": [
    {
     "name": "stdout",
     "output_type": "stream",
     "text": [
      "[[0. 0. 0. 0. 0. 0. 0. 0. 0. 0. 0. 0. 0. 0. 0.]\n",
      " [0. 0. 0. 0. 0. 0. 0. 0. 0. 0. 0. 0. 0. 0. 0.]\n",
      " [0. 0. 0. 0. 0. 0. 0. 0. 0. 0. 0. 0. 0. 0. 0.]\n",
      " [0. 0. 0. 0. 0. 0. 0. 0. 0. 0. 0. 0. 0. 0. 0.]\n",
      " [0. 0. 0. 0. 0. 0. 0. 0. 0. 0. 0. 0. 0. 0. 0.]\n",
      " [0. 0. 0. 0. 0. 0. 0. 0. 0. 0. 0. 0. 0. 0. 0.]\n",
      " [0. 0. 0. 0. 0. 0. 0. 0. 0. 0. 0. 0. 0. 0. 0.]\n",
      " [0. 0. 0. 0. 0. 0. 0. 0. 0. 0. 0. 0. 0. 0. 0.]\n",
      " [0. 0. 0. 0. 0. 0. 0. 0. 0. 0. 0. 0. 0. 0. 0.]\n",
      " [0. 0. 0. 0. 0. 0. 0. 0. 0. 0. 0. 0. 0. 0. 0.]\n",
      " [0. 0. 0. 0. 0. 0. 0. 0. 0. 0. 0. 0. 0. 0. 0.]\n",
      " [0. 0. 0. 0. 0. 0. 0. 0. 0. 0. 0. 0. 0. 0. 0.]\n",
      " [0. 0. 0. 0. 0. 0. 0. 0. 0. 0. 0. 0. 0. 0. 0.]\n",
      " [0. 0. 0. 0. 0. 0. 0. 0. 0. 0. 0. 0. 0. 0. 0.]\n",
      " [0. 0. 0. 0. 0. 0. 0. 0. 0. 0. 0. 0. 0. 0. 0.]]\n"
     ]
    }
   ],
   "source": [
    "#  Напечатать все значения в массиве\n",
    "np.set_printoptions(threshold=500)\n",
    "Z = np.zeros((15,15))\n",
    "print(Z)"
   ]
  },
  {
   "cell_type": "code",
   "execution_count": 42,
   "metadata": {},
   "outputs": [
    {
     "name": "stdout",
     "output_type": "stream",
     "text": [
      "[ 0  1  2  3  4  5  6  7  8  9 10 11 12 13 14 15 16 17 18 19 20 21 22 23\n",
      " 24 25 26 27 28 29 30 31 32 33 34 35 36 37 38 39 40 41 42 43 44 45 46 47\n",
      " 48 49 50 51 52 53 54 55 56 57 58 59 60 61 62 63 64 65 66 67 68 69 70 71\n",
      " 72 73 74 75 76 77 78 79 80 81 82 83 84 85 86 87 88 89 90 91 92 93 94 95\n",
      " 96 97 98 99]\n",
      " \n",
      "91.93999371488069\n",
      " \n",
      "92\n"
     ]
    }
   ],
   "source": [
    "# Найти ближайшее к заданному значению число в заданном массиве\n",
    "Z = np.arange(100)\n",
    "print(Z)\n",
    "print(\" \")\n",
    "v = np.random.uniform(0,100)\n",
    "print(v)\n",
    "print(\" \")\n",
    "index = (np.abs(Z-v)).argmin()\n",
    "print(Z[index])"
   ]
  },
  {
   "cell_type": "code",
   "execution_count": 46,
   "metadata": {},
   "outputs": [
    {
     "name": "stdout",
     "output_type": "stream",
     "text": [
      "[((0., 0.), (0., 0., 0.)) ((0., 0.), (0., 0., 0.))\n",
      " ((0., 0.), (0., 0., 0.)) ((0., 0.), (0., 0., 0.))\n",
      " ((0., 0.), (0., 0., 0.)) ((0., 0.), (0., 0., 0.))\n",
      " ((0., 0.), (0., 0., 0.)) ((0., 0.), (0., 0., 0.))\n",
      " ((0., 0.), (0., 0., 0.)) ((0., 0.), (0., 0., 0.))]\n"
     ]
    },
    {
     "name": "stderr",
     "output_type": "stream",
     "text": [
      "C:\\Program Files\\Python37\\lib\\site-packages\\ipykernel_launcher.py:2: FutureWarning: Passing (type, 1) or '1type' as a synonym of type is deprecated; in a future version of numpy, it will be understood as (type, (1,)) / '(1,)type'.\n",
      "  \n"
     ]
    }
   ],
   "source": [
    "# Создать структурированный массив, представляющий координату (x,y) и цвет (r,g,b)\n",
    "ar = np.zeros(10, [ ('pos', [ ('x', float, 1), ('y', float, 1)]),('color',    [ ('r', float, 1),('g', float, 1),('b', float, 1)])])\n",
    "print(ar)"
   ]
  },
  {
   "cell_type": "code",
   "execution_count": 48,
   "metadata": {},
   "outputs": [
    {
     "name": "stdout",
     "output_type": "stream",
     "text": [
      "[[0.         0.60786152 0.82586204 0.52560694 0.43971184 0.81558327\n",
      "  0.41391417 0.31439959 0.12586725 0.49701404]\n",
      " [0.60786152 0.         0.49814151 0.73010289 0.30920896 0.20778545\n",
      "  0.5516008  0.52836851 0.7302612  0.38511073]\n",
      " [0.82586204 0.49814151 0.         0.56855936 0.39471962 0.51323426\n",
      "  0.48404011 0.91971378 0.90932807 0.32989887]\n",
      " [0.52560694 0.73010289 0.56855936 0.         0.4210586  0.8854681\n",
      "  0.1830145  0.79305807 0.53047202 0.35608898]\n",
      " [0.43971184 0.30920896 0.39471962 0.4210586  0.         0.47864001\n",
      "  0.24292285 0.53788421 0.53757741 0.1005302 ]\n",
      " [0.81558327 0.20778545 0.51323426 0.8854681  0.47864001 0.\n",
      "  0.71746845 0.71656983 0.93761899 0.52940032]\n",
      " [0.41391417 0.5516008  0.48404011 0.1830145  0.24292285 0.71746845\n",
      "  0.         0.63970859 0.459384   0.19729469]\n",
      " [0.31439959 0.52836851 0.91971378 0.79305807 0.53788421 0.71656983\n",
      "  0.63970859 0.         0.4124657  0.63061295]\n",
      " [0.12586725 0.7302612  0.90932807 0.53047202 0.53757741 0.93761899\n",
      "  0.459384   0.4124657  0.         0.57999755]\n",
      " [0.49701404 0.38511073 0.32989887 0.35608898 0.1005302  0.52940032\n",
      "  0.19729469 0.63061295 0.57999755 0.        ]]\n"
     ]
    }
   ],
   "source": [
    "# Дан массив (100,2) координат, найти расстояние от каждой точки до каждой\n",
    "import scipy.spatial as sp\n",
    "\n",
    "ar = np.random.random((10,2))\n",
    "print(ar)\n",
    "print(\" \")\n",
    "D = sp.distance.cdist(ar,ar)\n",
    "print(D)"
   ]
  },
  {
   "cell_type": "code",
   "execution_count": 50,
   "metadata": {},
   "outputs": [
    {
     "name": "stdout",
     "output_type": "stream",
     "text": [
      "[0 1 2 3 4 5 6 7 8 9]\n",
      "[0. 1. 2. 3. 4. 5. 6. 7. 8. 9.]\n"
     ]
    }
   ],
   "source": [
    "# Преобразовать массив из float в int\n",
    "ar = np.arange(10, dtype=np.int32)\n",
    "print(ar)\n",
    "ar = ar.astype(np.float32, copy=False) #https://docs.scipy.org/doc/numpy/reference/generated/numpy.ndarray.astype.html\n",
    "print(ar)"
   ]
  },
  {
   "cell_type": "code",
   "execution_count": 51,
   "metadata": {},
   "outputs": [
    {
     "ename": "SyntaxError",
     "evalue": "invalid syntax (<ipython-input-51-1a88305eacc9>, line 3)",
     "output_type": "error",
     "traceback": [
      "\u001b[1;36m  File \u001b[1;32m\"<ipython-input-51-1a88305eacc9>\"\u001b[1;36m, line \u001b[1;32m3\u001b[0m\n\u001b[1;33m    6,,,7,8\u001b[0m\n\u001b[1;37m      ^\u001b[0m\n\u001b[1;31mSyntaxError\u001b[0m\u001b[1;31m:\u001b[0m invalid syntax\n"
     ]
    }
   ],
   "source": [
    "# Дан файл:\n",
    "# Как прочитать его?\n",
    "#1,2,3,4,5\n",
    "#6,,,7,8\n",
    "#,,9,10,11\n",
    "#\n",
    "# ar = np.genfromtxt(\"missing.dat\", delimiter=\",\")"
   ]
  },
  {
   "cell_type": "code",
   "execution_count": 53,
   "metadata": {},
   "outputs": [
    {
     "name": "stdout",
     "output_type": "stream",
     "text": [
      "[[0 1 2]\n",
      " [3 4 5]\n",
      " [6 7 8]]\n",
      " \n",
      "(0, 0) 0\n",
      "(0, 1) 1\n",
      "(0, 2) 2\n",
      "(1, 0) 3\n",
      "(1, 1) 4\n",
      "(1, 2) 5\n",
      "(2, 0) 6\n",
      "(2, 1) 7\n",
      "(2, 2) 8\n",
      " \n",
      "(0, 0) 0\n",
      "(0, 1) 1\n",
      "(0, 2) 2\n",
      "(1, 0) 3\n",
      "(1, 1) 4\n",
      "(1, 2) 5\n",
      "(2, 0) 6\n",
      "(2, 1) 7\n",
      "(2, 2) 8\n"
     ]
    }
   ],
   "source": [
    "# Каков эквивалент функции enumerate для numpy массивов?\n",
    "ar = np.arange(9).reshape(3,3)\n",
    "print(ar)\n",
    "print(\" \")\n",
    "for index, value in np.ndenumerate(ar):\n",
    "    print(index, value)\n",
    "print(\" \")\n",
    "for index in np.ndindex(ar.shape):\n",
    "    print(index, ar[index])"
   ]
  },
  {
   "cell_type": "code",
   "execution_count": 54,
   "metadata": {
    "scrolled": true
   },
   "outputs": [
    {
     "name": "stdout",
     "output_type": "stream",
     "text": [
      "[[0.36787944 0.44822088 0.51979489 0.57375342 0.60279818 0.60279818\n",
      "  0.57375342 0.51979489 0.44822088 0.36787944]\n",
      " [0.44822088 0.54610814 0.63331324 0.69905581 0.73444367 0.73444367\n",
      "  0.69905581 0.63331324 0.54610814 0.44822088]\n",
      " [0.51979489 0.63331324 0.73444367 0.81068432 0.85172308 0.85172308\n",
      "  0.81068432 0.73444367 0.63331324 0.51979489]\n",
      " [0.57375342 0.69905581 0.81068432 0.89483932 0.9401382  0.9401382\n",
      "  0.89483932 0.81068432 0.69905581 0.57375342]\n",
      " [0.60279818 0.73444367 0.85172308 0.9401382  0.98773022 0.98773022\n",
      "  0.9401382  0.85172308 0.73444367 0.60279818]\n",
      " [0.60279818 0.73444367 0.85172308 0.9401382  0.98773022 0.98773022\n",
      "  0.9401382  0.85172308 0.73444367 0.60279818]\n",
      " [0.57375342 0.69905581 0.81068432 0.89483932 0.9401382  0.9401382\n",
      "  0.89483932 0.81068432 0.69905581 0.57375342]\n",
      " [0.51979489 0.63331324 0.73444367 0.81068432 0.85172308 0.85172308\n",
      "  0.81068432 0.73444367 0.63331324 0.51979489]\n",
      " [0.44822088 0.54610814 0.63331324 0.69905581 0.73444367 0.73444367\n",
      "  0.69905581 0.63331324 0.54610814 0.44822088]\n",
      " [0.36787944 0.44822088 0.51979489 0.57375342 0.60279818 0.60279818\n",
      "  0.57375342 0.51979489 0.44822088 0.36787944]]\n"
     ]
    }
   ],
   "source": [
    "# Сформировать 2D массив с распределением Гаусса\n",
    "X, Y = np.meshgrid(np.linspace(-1,1,10), np.linspace(-1,1,10))\n",
    "D = np.hypot(X, Y)\n",
    "sigma, mu = 1.0, 0.0\n",
    "G = np.exp(-((D - mu) ** 2 / (2.0 * sigma ** 2)))\n",
    "print(G)"
   ]
  },
  {
   "cell_type": "code",
   "execution_count": 58,
   "metadata": {},
   "outputs": [
    {
     "name": "stdout",
     "output_type": "stream",
     "text": [
      "[[0. 0. 0. 0. 0. 0. 0. 0. 0. 0.]\n",
      " [0. 0. 0. 0. 0. 0. 0. 0. 8. 0.]\n",
      " [0. 0. 0. 0. 0. 0. 0. 8. 0. 0.]\n",
      " [8. 0. 0. 0. 0. 0. 0. 0. 0. 0.]\n",
      " [0. 0. 0. 0. 0. 0. 0. 0. 0. 0.]\n",
      " [0. 0. 0. 8. 0. 0. 0. 0. 0. 0.]\n",
      " [0. 0. 0. 0. 0. 0. 0. 0. 0. 0.]\n",
      " [0. 0. 0. 0. 0. 0. 0. 0. 0. 0.]\n",
      " [0. 0. 8. 0. 0. 0. 0. 0. 0. 0.]\n",
      " [0. 0. 0. 0. 0. 0. 0. 0. 0. 0.]]\n"
     ]
    }
   ],
   "source": [
    "# Случайно расположить p элементов в 2D массив\n",
    "n = 10\n",
    "p = 5\n",
    "Z = np.zeros((n,n))\n",
    "np.put(Z, np.random.choice(range(n*n), p, replace=False), 8)\n",
    "print(Z)"
   ]
  },
  {
   "cell_type": "code",
   "execution_count": 60,
   "metadata": {},
   "outputs": [
    {
     "name": "stdout",
     "output_type": "stream",
     "text": [
      "[[0.14803785 0.04808598 0.4213462  0.47957879 0.19343901 0.55485448\n",
      "  0.69879778 0.8883507  0.18159202 0.63418316]\n",
      " [0.04079789 0.05040735 0.60323277 0.36458369 0.53477655 0.03491313\n",
      "  0.94807677 0.21720208 0.62766436 0.99661059]\n",
      " [0.32869368 0.38696122 0.27930902 0.27874598 0.66517681 0.38622879\n",
      "  0.99428043 0.47967772 0.1055     0.39034119]\n",
      " [0.01014583 0.76321627 0.23992582 0.64672474 0.76801771 0.36039509\n",
      "  0.50023223 0.17653219 0.31333564 0.36293307]\n",
      " [0.90069646 0.6785907  0.80662225 0.05050321 0.45533244 0.36061281\n",
      "  0.69741707 0.59291314 0.32216904 0.35832299]]\n",
      " \n",
      "[[-0.27678875 -0.37674062 -0.0034804   0.05475219 -0.23138758  0.13002788\n",
      "   0.27397118  0.4635241  -0.24323458  0.20935657]\n",
      " [-0.40102862 -0.39141916  0.16140625 -0.07724283  0.09295003 -0.40691339\n",
      "   0.50625025 -0.22462444  0.18583784  0.55478407]\n",
      " [-0.10079781 -0.04253026 -0.15018247 -0.1507455   0.23568533 -0.04326269\n",
      "   0.56478894  0.05018623 -0.32399148 -0.03915029]\n",
      " [-0.40400003  0.34907041 -0.17422004  0.23257888  0.35387186 -0.05375077\n",
      "   0.08608637 -0.23761367 -0.10081022 -0.05121279]\n",
      " [ 0.37837845  0.15627269  0.28430424 -0.4718148  -0.06698557 -0.1617052\n",
      "   0.17509906  0.07059513 -0.20014897 -0.16399502]]\n"
     ]
    }
   ],
   "source": [
    "# Отнять среднее из каждой строки в матрице\n",
    "ar = np.random.rand(5, 10)\n",
    "print(ar)\n",
    "print(\" \")\n",
    "Y = ar - ar.mean(axis=1, keepdims=True)\n",
    "print(Y)"
   ]
  },
  {
   "cell_type": "code",
   "execution_count": 62,
   "metadata": {},
   "outputs": [
    {
     "name": "stdout",
     "output_type": "stream",
     "text": [
      "[[1 4 2]\n",
      " [5 3 7]\n",
      " [9 3 6]]\n",
      " \n",
      "[[5 3 7]\n",
      " [9 3 6]\n",
      " [1 4 2]]\n"
     ]
    }
   ],
   "source": [
    "# Отсортировать матрицу по n-ому столбцу\n",
    "ar = np.random.randint(0,10,(3,3))\n",
    "n = 1  \n",
    "print(ar)\n",
    "print(\" \")\n",
    "print(ar[ar[:,n].argsort()])"
   ]
  },
  {
   "cell_type": "code",
   "execution_count": 65,
   "metadata": {},
   "outputs": [
    {
     "name": "stdout",
     "output_type": "stream",
     "text": [
      "[[1 1 2 2 0 1 0 1 0 2]\n",
      " [1 2 2 2 1 2 0 2 2 0]\n",
      " [0 0 1 0 1 2 0 1 1 2]]\n",
      " \n",
      "True\n"
     ]
    }
   ],
   "source": [
    "# Определить, есть ли в 2D массиве нулевые столбцы\n",
    "ar = np.random.randint(0,3,(3,10))\n",
    "print(ar)\n",
    "print(\" \")\n",
    "print((~ar.any(axis=0)).any())"
   ]
  },
  {
   "cell_type": "code",
   "execution_count": 68,
   "metadata": {},
   "outputs": [
    {
     "name": "stdout",
     "output_type": "stream",
     "text": [
      "[1. 1. 1. 1. 1. 1. 1. 1. 1. 1.]\n",
      " \n",
      "[9 6 0 5 3 0 4 9 2 1 8 3 9 9 8 8 0 4 7 2]\n",
      " \n",
      "[[10.  7.  9.  5.  5.  6.  3.  6.  5.  4.]\n",
      " [10.  7.  9.  5.  5.  6.  3.  6. 13.  4.]\n",
      " [10.  7.  9.  5.  5.  6.  3. 14.  5.  4.]\n",
      " [18.  7.  9.  5.  5.  6.  3.  6.  5.  4.]\n",
      " [10.  7.  9.  5.  5.  6.  3.  6.  5.  4.]\n",
      " [10.  7.  9. 13.  5.  6.  3.  6.  5.  4.]\n",
      " [10.  7.  9.  5.  5.  6.  3.  6.  5.  4.]\n",
      " [10.  7.  9.  5.  5.  6.  3.  6.  5.  4.]\n",
      " [10.  7. 17.  5.  5.  6.  3.  6.  5.  4.]\n",
      " [10.  7.  9.  5.  5.  6.  3.  6.  5.  4.]]\n"
     ]
    }
   ],
   "source": [
    "# Дан массив, добавить 1 к каждому элементу с индексом, заданным в другом массиве (осторожно с повторами)\n",
    "ar = np.ones(10)\n",
    "print(ar)\n",
    "print(\" \")\n",
    "I = np.random.randint(0,len(ar),20)\n",
    "print(I)\n",
    "print(\" \")\n",
    "Z += np.bincount(I, minlength=len(Z))\n",
    "print(Z)"
   ]
  },
  {
   "cell_type": "code",
   "execution_count": 69,
   "metadata": {},
   "outputs": [
    {
     "name": "stdout",
     "output_type": "stream",
     "text": [
      "[0 1]\n"
     ]
    }
   ],
   "source": [
    "# Дан массив (w,h,3) (картинка) dtype = ubyte, посчитать количество различных цветов\n",
    "w,h = 16,16\n",
    "I = np.random.randint(0, 2, (h,w,3)).astype(np.ubyte)\n",
    "F = I[...,0] * 256 * 256 + I[...,1] * 256 + I[...,2]\n",
    "n = len(np.unique(F))\n",
    "print(np.unique(I))"
   ]
  },
  {
   "cell_type": "code",
   "execution_count": 70,
   "metadata": {},
   "outputs": [
    {
     "name": "stdout",
     "output_type": "stream",
     "text": [
      "[[[[3 4 8 6]\n",
      "   [9 8 9 5]\n",
      "   [1 7 3 9]]\n",
      "\n",
      "  [[8 9 2 8]\n",
      "   [1 5 9 3]\n",
      "   [0 1 0 6]]\n",
      "\n",
      "  [[8 0 6 7]\n",
      "   [1 7 9 2]\n",
      "   [2 8 0 5]]\n",
      "\n",
      "  [[0 9 7 2]\n",
      "   [0 4 1 3]\n",
      "   [9 3 6 5]]]\n",
      "\n",
      "\n",
      " [[[4 7 1 5]\n",
      "   [5 0 8 5]\n",
      "   [2 7 6 2]]\n",
      "\n",
      "  [[1 6 6 8]\n",
      "   [5 9 7 4]\n",
      "   [8 8 6 4]]\n",
      "\n",
      "  [[8 5 3 9]\n",
      "   [1 1 7 4]\n",
      "   [9 7 5 8]]\n",
      "\n",
      "  [[4 0 3 5]\n",
      "   [6 8 0 4]\n",
      "   [6 3 6 0]]]\n",
      "\n",
      "\n",
      " [[[5 4 9 4]\n",
      "   [0 2 7 0]\n",
      "   [1 5 6 4]]\n",
      "\n",
      "  [[4 8 2 4]\n",
      "   [9 9 3 9]\n",
      "   [2 9 0 6]]\n",
      "\n",
      "  [[6 0 7 1]\n",
      "   [8 2 8 1]\n",
      "   [5 2 4 1]]\n",
      "\n",
      "  [[4 6 0 0]\n",
      "   [5 6 2 1]\n",
      "   [7 7 6 8]]]]\n",
      " \n",
      "[[72 52 55 49]\n",
      " [52 72 67 45]\n",
      " [47 65 45 52]]\n"
     ]
    }
   ],
   "source": [
    "# Дан четырехмерный массив, посчитать сумму по последним двум осям\n",
    "ar = np.random.randint(0,10, (3,4,3,4))\n",
    "print(ar)\n",
    "print(\" \")\n",
    "sum = ar.reshape(ar.shape[:-2] + (-1,)).sum(axis=-1)\n",
    "print(sum)"
   ]
  },
  {
   "cell_type": "code",
   "execution_count": 77,
   "metadata": {},
   "outputs": [
    {
     "name": "stdout",
     "output_type": "stream",
     "text": [
      "[[1. 0. 0.]\n",
      " [0. 1. 0.]\n",
      " [0. 0. 1.]]\n",
      "[[0 1 2]\n",
      " [3 4 5]\n",
      " [6 7 8]]\n",
      "[0. 4. 8.]\n",
      " \n",
      "[0. 4. 8.]\n"
     ]
    }
   ],
   "source": [
    "# Найти диагональные элементы произведения матриц\n",
    "# Slow version\n",
    "A = np.eye(3)\n",
    "print(A)\n",
    "B = np.arange(9).reshape(3,3)\n",
    "print(B)\n",
    "x = np.diag(np.dot(A, B))\n",
    "print(x)\n",
    "print(\" \")\n",
    "# Fast version\n",
    "y = np.sum(A * B.T, axis=1)\n",
    "print(y)\n"
   ]
  },
  {
   "cell_type": "code",
   "execution_count": null,
   "metadata": {},
   "outputs": [],
   "source": []
  }
 ],
 "metadata": {
  "kernelspec": {
   "display_name": "Python 3",
   "language": "python",
   "name": "python3"
  },
  "language_info": {
   "codemirror_mode": {
    "name": "ipython",
    "version": 3
   },
   "file_extension": ".py",
   "mimetype": "text/x-python",
   "name": "python",
   "nbconvert_exporter": "python",
   "pygments_lexer": "ipython3",
   "version": "3.7.0"
  }
 },
 "nbformat": 4,
 "nbformat_minor": 2
}
